308668149121668221912632
5611097159503809
1143829002717656534993
055100659966259340
515775582897586231
3830844371605242
99092229757703585323
209267120350965929930
06427199523054200294
78525799059873109237276
79899683808147148517054
6533461642044794452293
52969887683170705
12247809843062128379
8171959051697648127454
4719382500348985363
8375512176280128307
586391620763623
5248172359655760
413821162880883532878645
074139673778062094
624750875204730297897
959472711308428403
8271952473520311
683613234008739824741
50501011276949277396
650213856440299
792129991990382720166
5925317979822143593
